2	0.9153846153846154	0.08461538461538462
2	0.919047619047619	0.08095238095238096
2	0.07556270096463022	0.9244372990353698
2	0.7738461538461539	0.22615384615384615
2	0.8901515151515151	0.10984848484848485
2	0.9407665505226481	0.059233449477351915
2	0.30864197530864196	0.691358024691358
2	0.12268518518518519	0.8773148148148148
2	0.432258064516129	0.567741935483871
2	0.16873065015479877	0.8312693498452013
2	0.15833333333333333	0.8416666666666667
2	0.982532751091703	0.017467248908296942
2	0.8611111111111112	0.1388888888888889
2	0.9066455696202531	0.09335443037974683
2	0.9287974683544303	0.07120253164556962
2	0.7517123287671232	0.2482876712328767
2	0.360062893081761	0.639937106918239
2	0.8353846153846154	0.1646153846153846
2	0.9586956521739131	0.041304347826086954
2	0.8150470219435737	0.18495297805642633
2	0.9668508287292817	0.03314917127071823
2	0.11394557823129252	0.8860544217687075
2	0.6296875	0.3703125
2	0.12786885245901639	0.8721311475409836
2	0.49843260188087773	0.5015673981191222
2	0.9166666666666666	0.08333333333333333
2	0.6682389937106918	0.33176100628930816
2	0.5953846153846154	0.4046153846153846
2	0.8878504672897196	0.11214953271028037
2	0.08461538461538462	0.9153846153846154
2	0.4768339768339768	0.5231660231660231
2	0.2686335403726708	0.7313664596273292
2	0.49538461538461537	0.5046153846153846
2	0.10493827160493827	0.8950617283950617
2	0.15472312703583063	0.8452768729641694
2	0.6401869158878505	0.3598130841121495
2	0.033101045296167246	0.9668989547038328
2	0.6246153846153846	0.37538461538461537
2	0.846875	0.153125
2	0.8099688473520249	0.19003115264797507
2	0.5859375	0.4140625
2	0.0660377358490566	0.9339622641509434
2	0.18633540372670807	0.8136645962732919
2	0.06430868167202572	0.9356913183279743
2	0.4646153846153846	0.5353846153846153
2	0.14241486068111456	0.8575851393188855
2	0.08466453674121406	0.9153354632587859
2	0.06354515050167224	0.9364548494983278
2	0.42615384615384616	0.5738461538461539
2	0.8307692307692308	0.16923076923076924
2	0.07846153846153846	0.9215384615384615
2	0.7577160493827161	0.24228395061728394
2	0.9228971962616822	0.07710280373831775
2	0.5570032573289903	0.44299674267100975
2	0.21725239616613418	0.7827476038338658
2	0.38153846153846155	0.6184615384615385
2	0.8614649681528662	0.13853503184713375
2	0.9256055363321799	0.07439446366782007
2	0.4523076923076923	0.5476923076923077
2	0.9006410256410257	0.09935897435897435
2	0.05745341614906832	0.9425465838509317
2	0.9221698113207547	0.07783018867924528
2	0.08	0.92
2	0.19902912621359223	0.8009708737864077
2	0.047619047619047616	0.9523809523809523
2	0.9044585987261147	0.09554140127388536
2	0.105	0.895
2	0.096875	0.903125
2	0.88801261829653	0.11198738170347003
2	0.7120253164556962	0.2879746835443038
2	0.19830508474576272	0.8016949152542373
2	0.9446153846153846	0.055384615384615386
2	0.6483870967741936	0.35161290322580646
2	0.9424603174603174	0.057539682539682536
2	0.4876923076923077	0.5123076923076924
2	0.0891304347826087	0.9108695652173913
2	0.9	0.1
2	0.30952380952380953	0.6904761904761905
2	0.5646687697160884	0.4353312302839117
2	0.2845659163987138	0.7154340836012861
2	0.9501845018450185	0.04981549815498155
2	0.9357366771159875	0.06426332288401254
2	0.84375	0.15625
2	0.054307116104868915	0.9456928838951311
2	0.19230769230769232	0.8076923076923077
2	0.8796296296296297	0.12037037037037036
2	0.9137168141592921	0.08628318584070796
2	0.34735202492211836	0.6526479750778816
2	0.7003105590062112	0.2996894409937888
2	0.9185185185185185	0.08148148148148149
2	0.874113475177305	0.12588652482269502
2	0.84375	0.15625
2	0.0842911877394636	0.9157088122605364
2	0.061514195583596214	0.9384858044164038
2	0.9183006535947712	0.08169934640522876
2	0.3234375	0.6765625
2	0.9258064516129032	0.07419354838709677
2	0.05873015873015873	0.9412698412698413
2	0.18788819875776397	0.812111801242236
2	0.12153846153846154	0.8784615384615385
2	0.7025316455696202	0.2974683544303797
2	0.972972972972973	0.02702702702702703
2	0.8984615384615384	0.10153846153846154
2	0.9453125	0.0546875
2	0.8385579937304075	0.1614420062695925
2	0.8232484076433121	0.1767515923566879
2	0.9185303514376997	0.08146964856230032
2	0.10987261146496816	0.8901273885350318
2	0.10771704180064309	0.8922829581993569
2	0.4868421052631579	0.5131578947368421
2	0.47846153846153844	0.5215384615384615
2	0.942367601246106	0.05763239875389408
2	0.6507692307692308	0.34923076923076923
2	0.9307692307692308	0.06923076923076923
2	0.9470802919708029	0.05291970802919708
2	0.9234527687296417	0.07654723127035831
2	0.25	0.75
2	0.05238095238095238	0.9476190476190476
2	0.178125	0.821875
2	0.078125	0.921875
2	0.4246153846153846	0.5753846153846154
2	0.561965811965812	0.43803418803418803
2	0.2088607594936709	0.7911392405063291
2	0.34814814814814815	0.6518518518518519
2	0.2631578947368421	0.7368421052631579
2	0.8598130841121495	0.14018691588785046
2	0.3282828282828283	0.6717171717171717
2	0.9248251748251748	0.07517482517482517
2	0.09692307692307692	0.9030769230769231
2	0.2367601246105919	0.7632398753894081
2	0.8839009287925697	0.11609907120743033
2	0.07283464566929133	0.9271653543307087
2	0.2153846153846154	0.7846153846153846
2	0.39969135802469136	0.6003086419753086
2	0.66	0.34
2	0.8661538461538462	0.13384615384615384
2	0.09305993690851735	0.9069400630914827
2	0.08974358974358974	0.9102564102564102
2	0.9087947882736156	0.09120521172638436
2	0.6152597402597403	0.3847402597402597
2	0.20202020202020202	0.797979797979798
2	0.11682242990654206	0.883177570093458
2	0.9276729559748428	0.07232704402515723
2	0.24458204334365324	0.7554179566563467
2	0.05608974358974359	0.9439102564102564
2	0.34455128205128205	0.655448717948718
2	0.09485530546623794	0.905144694533762
2	0.17182662538699692	0.8281733746130031
2	0.680064308681672	0.319935691318328
2	0.06923076923076923	0.9307692307692308
2	0.5157342657342657	0.48426573426573427
2	0.12030075187969924	0.8796992481203008
2	0.1676923076923077	0.8323076923076923
2	0.06	0.94
2	0.4076923076923077	0.5923076923076923
2	0.05704697986577181	0.9429530201342282
2	0.9444444444444444	0.05555555555555555
2	0.17559523809523808	0.8244047619047619
2	0.08013937282229965	0.9198606271777003
2	0.12542372881355932	0.8745762711864407
2	0.32298136645962733	0.6770186335403726
2	0.9383561643835616	0.06164383561643835
2	0.6446153846153846	0.3553846153846154
2	0.9438502673796791	0.05614973262032086
2	0.07913669064748201	0.920863309352518
2	0.673374613003096	0.326625386996904
2	0.16512345679012347	0.8348765432098766
2	0.08131487889273356	0.9186851211072664
2	0.12814070351758794	0.871859296482412
2	0.6574074074074074	0.3425925925925926
2	0.9950980392156863	0.004901960784313725
2	0.8775862068965518	0.12241379310344827
2	0.5015527950310559	0.4984472049689441
2	0.30615384615384617	0.6938461538461539
2	0.4535603715170279	0.5464396284829721
2	0.815068493150685	0.18493150684931506
2	0.282312925170068	0.717687074829932
2	0.16563467492260062	0.8343653250773994
2	0.8415384615384616	0.15846153846153846
2	0.25396825396825395	0.746031746031746
2	0.8280254777070064	0.17197452229299362
2	0.06949152542372881	0.9305084745762712
2	0.05846153846153846	0.9415384615384615
2	0.1523076923076923	0.8476923076923077
2	0.9239130434782609	0.07608695652173914
2	0.23846153846153847	0.7615384615384615
2	0.28640776699029125	0.7135922330097088
2	0.8533950617283951	0.14660493827160495
2	0.09477124183006536	0.9052287581699346
2	0.9432989690721649	0.05670103092783505
2	0.22	0.78
2	0.7212389380530974	0.27876106194690264
2	0.07345971563981042	0.9265402843601895
2	0.8903846153846153	0.10961538461538461
2	0.9477272727272728	0.05227272727272727
2	0.34307692307692306	0.6569230769230769
2	0.6925675675675675	0.30743243243243246
2	0.29401408450704225	0.7059859154929577
2	0.08571428571428572	0.9142857142857143
2	0.9093023255813953	0.09069767441860466
2	0.4158878504672897	0.5841121495327103
2	0.916923076923077	0.08307692307692308
2	0.8364485981308412	0.16355140186915887
2	0.03861788617886179	0.9613821138211383
2	0.9138461538461539	0.08615384615384615
2	0.49528301886792453	0.5047169811320755
2	0.3076923076923077	0.6923076923076923
2	0.20123839009287925	0.7987616099071208
2	0.05555555555555555	0.9444444444444444
2	0.37227414330218067	0.6277258566978193
2	0.09800664451827243	0.9019933554817275
2	0.8369230769230769	0.16307692307692306
2	0.3353846153846154	0.6646153846153846
2	0.1461794019933555	0.8538205980066446
2	0.08695652173913043	0.9130434782608695
2	0.6550632911392406	0.3449367088607595
2	0.06811145510835913	0.9318885448916409
2	0.8523076923076923	0.1476923076923077
2	0.8551401869158879	0.14485981308411214
2	0.82	0.18
2	0.9015384615384615	0.09846153846153846
2	0.595679012345679	0.404320987654321
2	0.9151234567901234	0.08487654320987655
2	0.2753846153846154	0.7246153846153847
2	0.09442724458204334	0.9055727554179567
2	0.19327731092436976	0.8067226890756303
2	0.0663265306122449	0.9336734693877551
2	0.06587837837837837	0.9341216216216216
2	0.677570093457944	0.32242990654205606
2	0.9016666666666666	0.09833333333333333
2	0.5523076923076923	0.44769230769230767
2	0.010471204188481676	0.9895287958115183
2	0.8348909657320872	0.16510903426791276
2	0.08487654320987655	0.9151234567901234
2	0.5815384615384616	0.41846153846153844
2	0.06507936507936508	0.9349206349206349
2	0.8214285714285714	0.17857142857142858
2	0.7562277580071174	0.24377224199288255
2	0.8623417721518988	0.13765822784810128
2	0.8322884012539185	0.1677115987460815
2	0.8923076923076924	0.1076923076923077
2	0.8730650154798761	0.12693498452012383
2	0.08064516129032258	0.9193548387096774
2	0.8618012422360248	0.13819875776397517
2	0.6984126984126984	0.30158730158730157
3	0.24307692307692308	0.21076923076923076	0.5461538461538461
2	0.7461538461538462	0.25384615384615383
2	0.8046153846153846	0.19538461538461538
2	0.14195583596214512	0.8580441640378549
2	0.28125	0.71875
2	0.17405063291139242	0.8259493670886076
2	0.49230769230769234	0.5076923076923077
2	0.28938906752411575	0.7106109324758842
2	0.9003164556962026	0.09968354430379747
2	0.10681114551083591	0.8931888544891641
2	0.8316993464052288	0.16830065359477125
2	0.9332247557003257	0.06677524429967427
2	0.5993788819875776	0.40062111801242234
2	0.7361563517915309	0.26384364820846906
2	0.7329931972789115	0.26700680272108845
2	0.9	0.1
2	0.6855345911949685	0.31446540880503143
2	0.7987616099071208	0.20123839009287925
2	0.27697841726618705	0.7230215827338129
2	0.4242902208201893	0.5757097791798107
2	0.15123456790123457	0.8487654320987654
2	0.39228295819935693	0.6077170418006431
2	0.0900735294117647	0.9099264705882353
2	0.09615384615384616	0.9038461538461539
2	0.17391304347826086	0.8260869565217391
2	0.943076923076923	0.05692307692307692
2	0.11919504643962849	0.8808049535603715
2	0.10031347962382445	0.8996865203761756
2	0.8939929328621908	0.10600706713780919
2	0.1393188854489164	0.8606811145510835
2	0.5692307692307692	0.4307692307692308
2	0.11068702290076336	0.8893129770992366
2	0.6546875	0.3453125
2	0.36	0.64
2	0.1276923076923077	0.8723076923076923
2	0.6428571428571429	0.35714285714285715
2	0.21320754716981133	0.7867924528301887
2	0.0726643598615917	0.9273356401384083
2	0.12654320987654322	0.8734567901234568
2	0.9454828660436138	0.05451713395638629
2	0.9268707482993197	0.07312925170068027
2	0.06	0.94
2	0.7308970099667774	0.2691029900332226
2	0.07561728395061729	0.9243827160493827
2	0.9684684684684685	0.03153153153153153
2	0.09146341463414634	0.9085365853658537
2	0.8753943217665615	0.12460567823343849
2	0.08576051779935275	0.9142394822006472
2	0.5441696113074205	0.4558303886925795
2	0.6294964028776978	0.37050359712230213
2	0.18923076923076923	0.8107692307692308
2	0.08471760797342193	0.915282392026578
2	0.9611650485436893	0.038834951456310676
2	0.5230769230769231	0.47692307692307695
2	0.8353846153846154	0.1646153846153846
2	0.9123134328358209	0.08768656716417911
2	0.47368421052631576	0.5263157894736842
2	0.4584615384615385	0.5415384615384615
2	0.25076923076923074	0.7492307692307693
2	0.3055555555555556	0.6944444444444444
2	0.7630769230769231	0.23692307692307693
2	0.08878504672897196	0.9112149532710281
2	0.8105590062111802	0.18944099378881987
2	0.13247863247863248	0.8675213675213675
2	0.5679012345679012	0.43209876543209874
2	0.8180212014134276	0.18197879858657243
2	0.05124223602484472	0.9487577639751553
2	0.9523076923076923	0.047692307692307694
2	0.9107692307692308	0.08923076923076922
2	0.11882716049382716	0.8811728395061729
2	0.09	0.91
2	0.9726775956284153	0.0273224043715847
2	0.39351851851851855	0.6064814814814815
2	0.28	0.72
2	0.8492063492063492	0.15079365079365079
2	0.8203125	0.1796875
2	0.004366812227074236	0.9956331877729258
2	0.06224899598393574	0.9377510040160643
2	0.05058365758754864	0.9494163424124513
2	0.7253968253968254	0.2746031746031746
2	0.9276923076923077	0.07230769230769231
2	0.21296296296296297	0.7870370370370371
2	0.12585034013605442	0.8741496598639455
2	0.9311111111111111	0.06888888888888889
2	0.4574829931972789	0.5425170068027211
2	0.6567398119122257	0.3432601880877743
2	0.08307692307692308	0.916923076923077
2	0.88	0.12
2	0.2984126984126984	0.7015873015873015
2	0.6419753086419753	0.35802469135802467
2	0.25487012987012986	0.7451298701298701
2	0.9338461538461539	0.06615384615384616
2	0.19029850746268656	0.8097014925373134
2	0.8025078369905956	0.1974921630094044
2	0.48307692307692307	0.5169230769230769
2	0.8538461538461538	0.14615384615384616
2	0.9382716049382716	0.06172839506172839
2	0.08227848101265822	0.9177215189873418
2	0.792332268370607	0.20766773162939298
2	0.9441747572815534	0.055825242718446605
2	0.889751552795031	0.11024844720496894
2	0.856687898089172	0.14331210191082802
2	0.9453376205787781	0.05466237942122187
2	0.8493788819875776	0.15062111801242237
2	0.2032258064516129	0.7967741935483871
2	0.11165048543689321	0.8883495145631068
2	0.05396825396825397	0.946031746031746
2	0.9593301435406698	0.04066985645933014
2	0.8953125	0.1046875
2	0.8349514563106796	0.1650485436893204
2	0.7879256965944272	0.21207430340557276
2	0.5924764890282131	0.40752351097178685
2	0.9579207920792079	0.04207920792079208
2	0.8907692307692308	0.10923076923076923
2	0.5476923076923077	0.4523076923076923
2	0.4015384615384615	0.5984615384615385
2	0.2222222222222222	0.7777777777777778
2	0.4807692307692308	0.5192307692307693
3	0.7723880597014925	0.13992537313432835	0.08768656716417911
2	0.31076923076923074	0.6892307692307692
2	0.0211864406779661	0.9788135593220338
2	0.11384615384615385	0.8861538461538462
2	0.19055944055944055	0.8094405594405595
2	0.37777777777777777	0.6222222222222222
2	0.48083067092651754	0.5191693290734825
2	0.8907692307692308	0.10923076923076923
2	0.9384920634920635	0.061507936507936505
2	0.7105263157894737	0.2894736842105263
2	0.5848765432098766	0.41512345679012347
2	0.38333333333333336	0.6166666666666667
2	0.10080645161290322	0.8991935483870968
2	0.5192926045016077	0.4807073954983923
2	0.1076923076923077	0.8923076923076924
2	0.5756172839506173	0.4243827160493827
2	0.0819935691318328	0.9180064308681672
2	0.3432601880877743	0.6567398119122257
2	0.46449704142011833	0.5355029585798816
2	0.6692307692307692	0.33076923076923076
2	0.3931888544891641	0.6068111455108359
2	0.2491638795986622	0.7508361204013378
2	0.9307958477508651	0.06920415224913495
2	0.35758513931888547	0.6424148606811145
2	0.6114551083591331	0.38854489164086686
2	0.8201320132013201	0.17986798679867988
2	0.9517133956386293	0.048286604361370715
2	0.7549342105263158	0.2450657894736842
2	0.93125	0.06875
2	0.8353846153846154	0.1646153846153846
2	0.10927152317880795	0.890728476821192
2	0.7634069400630915	0.23659305993690852
2	0.19538461538461538	0.8046153846153846
2	0.053475935828877004	0.946524064171123
2	0.2260061919504644	0.7739938080495357
2	0.44907407407407407	0.5509259259259259
2	0.06818181818181818	0.9318181818181818
2	0.15648854961832062	0.8435114503816794
2	0.22811059907834103	0.771889400921659
2	0.5705128205128205	0.42948717948717946
2	0.05776173285198556	0.9422382671480144
2	0.5415384615384615	0.4584615384615385
2	0.7247899159663865	0.27521008403361347
2	0.07264957264957266	0.9273504273504274
2	0.24813432835820895	0.7518656716417911
2	0.1743827160493827	0.8256172839506173
2	0.2041522491349481	0.7958477508650519
2	0.027083333333333334	0.9729166666666667
2	0.2608695652173913	0.7391304347826086
2	0.8944099378881988	0.10559006211180125
2	0.41640866873065013	0.5835913312693498
2	0.14307692307692307	0.8569230769230769
2	0.8934108527131783	0.1065891472868217
2	0.8888888888888888	0.1111111111111111
2	0.0802675585284281	0.919732441471572
2	0.5563636363636364	0.44363636363636366
2	0.8338461538461538	0.16615384615384615
2	0.5294117647058824	0.47058823529411764
2	0.4283276450511945	0.5716723549488054
2	0.15538461538461537	0.8446153846153847
2	0.9517857142857142	0.048214285714285716
2	0.10209424083769633	0.8979057591623036
2	0.7646153846153846	0.2353846153846154
2	0.59375	0.40625
2	0.536923076923077	0.46307692307692305
2	0.27692307692307694	0.7230769230769231
2	0.8846153846153846	0.11538461538461539
2	0.17492260061919504	0.8250773993808049
2	0.058922558922558925	0.9410774410774411
2	0.2564102564102564	0.7435897435897436
2	0.8624595469255664	0.13754045307443366
2	0.08860759493670886	0.9113924050632911
2	0.7725856697819314	0.22741433021806853
2	0.7244094488188977	0.2755905511811024
2	0.42857142857142855	0.5714285714285714
2	0.08695652173913043	0.9130434782608695
2	0.8153846153846154	0.18461538461538463
2	0.33818770226537215	0.6618122977346278
2	0.8584615384615385	0.14153846153846153
2	0.16666666666666666	0.8333333333333334
2	0.1123076923076923	0.8876923076923077
2	0.06666666666666667	0.9333333333333333
2	0.8953125	0.1046875
2	0.6548507462686567	0.3451492537313433
2	0.41846153846153844	0.5815384615384616
2	0.8167701863354038	0.18322981366459629
2	0.8227848101265823	0.17721518987341772
2	0.8286604361370716	0.17133956386292834
2	0.8067092651757188	0.19329073482428116
2	0.6	0.4
2	0.8105590062111802	0.18944099378881987
2	0.7530864197530864	0.24691358024691357
2	0.18370607028753994	0.8162939297124601
2	0.3925619834710744	0.6074380165289256
2	0.1822429906542056	0.8177570093457944
2	0.19598765432098766	0.8040123456790124
2	0.26461538461538464	0.7353846153846154
2	0.9402985074626866	0.05970149253731343
2	0.8006872852233677	0.19931271477663232
2	0.2015625	0.7984375
2	0.8369230769230769	0.16307692307692306
2	0.6492307692307693	0.3507692307692308
2	0.9495192307692307	0.05048076923076923
2	0.8323076923076923	0.1676923076923077
2	0.10714285714285714	0.8928571428571429
2	0.46296296296296297	0.5370370370370371
2	0.9367088607594937	0.06329113924050633
2	0.8862928348909658	0.11370716510903427
2	0.06923076923076923	0.9307692307692308
2	0.2700617283950617	0.7299382716049383
2	0.43343653250773995	0.56656346749226
2	0.30923076923076925	0.6907692307692308
2	0.4965753424657534	0.5034246575342466
2	0.5234899328859061	0.47651006711409394
2	0.7876923076923077	0.2123076923076923
2	0.05	0.95
2	0.9148264984227129	0.08517350157728706
2	0.4808510638297872	0.5191489361702127
2	0.49846153846153846	0.5015384615384615
2	0.9421875	0.0578125
2	0.3165322580645161	0.6834677419354839
2	0.9353846153846154	0.06461538461538462
2	0.5785953177257525	0.4214046822742475
2	0.9432989690721649	0.05670103092783505
2	0.3847352024922118	0.6152647975077882
2	0.156957928802589	0.843042071197411
2	0.4453125	0.5546875
2	0.07419354838709677	0.9258064516129032
2	0.43492063492063493	0.5650793650793651
2	0.4907692307692308	0.5092307692307693
2	0.2815384615384615	0.7184615384615385
2	0.9440993788819876	0.055900621118012424
2	0.9197247706422018	0.08027522935779817
2	0.39906832298136646	0.6009316770186336
2	0.5463576158940397	0.45364238410596025
2	0.11524822695035461	0.8847517730496454
2	0.058333333333333334	0.9416666666666667
2	0.32608695652173914	0.6739130434782609
2	0.9049079754601227	0.0950920245398773
2	0.13692307692307693	0.8630769230769231
2	0.31875	0.68125
2	0.2961783439490446	0.7038216560509554
2	0.3890625	0.6109375
2	0.8967391304347826	0.10326086956521739
2	0.30153846153846153	0.6984615384615385
2	0.6230769230769231	0.3769230769230769
2	0.34735202492211836	0.6526479750778816
2	0.09285714285714286	0.9071428571428571
2	0.9174603174603174	0.08253968253968254
2	0.47324414715719065	0.5267558528428093
2	0.2192429022082019	0.7807570977917981
2	0.6846153846153846	0.3153846153846154
2	0.10461538461538461	0.8953846153846153
2	0.5144694533762058	0.4855305466237942
2	0.4329073482428115	0.5670926517571885
2	0.3270440251572327	0.6729559748427673
2	0.07728706624605679	0.9227129337539433
2	0.8467741935483871	0.1532258064516129
2	0.1419753086419753	0.8580246913580247
2	0.09615384615384616	0.9038461538461539
2	0.94	0.06
2	0.16607142857142856	0.8339285714285715
2	0.75	0.25
2	0.6892307692307692	0.31076923076923074
2	0.06583072100313479	0.9341692789968652
2	0.8660130718954249	0.13398692810457516
2	0.9370860927152318	0.06291390728476821
2	0.04263565891472868	0.9573643410852714
2	0.7679127725856698	0.23208722741433022
2	0.10074626865671642	0.8992537313432836
1	1.0
2	0.5570987654320988	0.44290123456790126
2	0.07275541795665634	0.9272445820433437
2	0.1869009584664537	0.8130990415335463
2	0.055384615384615386	0.9446153846153846
2	0.697594501718213	0.3024054982817869
2	0.16015625	0.83984375
2	0.17765567765567766	0.8223443223443223
2	0.8586956521739131	0.14130434782608695
2	0.2916666666666667	0.7083333333333334
2	0.09340659340659341	0.9065934065934066
2	0.4937888198757764	0.5062111801242236
2	0.11158798283261803	0.8884120171673819
2	0.18	0.82
2	0.3904761904761905	0.6095238095238096
2	0.05220883534136546	0.9477911646586346
2	0.943217665615142	0.056782334384858045
2	0.696875	0.303125
2	0.08898305084745763	0.9110169491525424
2	0.8971631205673759	0.10283687943262411
2	0.8898305084745762	0.11016949152542373
2	0.11076923076923077	0.8892307692307693
2	0.8092307692307692	0.19076923076923077
2	0.13722397476340695	0.862776025236593
2	0.940983606557377	0.05901639344262295
2	0.07190635451505016	0.9280936454849499
2	0.8544891640866873	0.14551083591331268
2	0.38769230769230767	0.6123076923076923
2	0.8438485804416404	0.15615141955835962
2	0.8531468531468531	0.14685314685314685
2	0.6553846153846153	0.3446153846153846
2	0.5538461538461539	0.4461538461538462
2	0.5841121495327103	0.4158878504672897
2	0.12693498452012383	0.8730650154798761
2	0.9342105263157895	0.06578947368421052
2	0.010869565217391304	0.9891304347826086
2	0.05572755417956656	0.9442724458204335
2	0.3143459915611814	0.6856540084388185
2	0.13425925925925927	0.8657407407407407
2	0.27076923076923076	0.7292307692307692
2	0.48919753086419754	0.5108024691358025
2	0.11363636363636363	0.8863636363636364
2	0.22923076923076924	0.7707692307692308
2	0.9397590361445783	0.060240963855421686
1	1.0
2	0.6923076923076923	0.3076923076923077
2	0.8661971830985915	0.13380281690140844
2	0.19242902208201892	0.807570977917981
2	0.5294117647058824	0.47058823529411764
2	0.683076923076923	0.3169230769230769
2	0.10096153846153846	0.8990384615384616
2	0.17647058823529413	0.8235294117647058
2	0.6323076923076923	0.3676923076923077
2	0.05817610062893082	0.9418238993710691
2	0.2992831541218638	0.7007168458781362
2	0.17076923076923076	0.8292307692307692
2	0.21894409937888198	0.781055900621118
2	0.9046153846153846	0.09538461538461539
2	0.4766666666666667	0.5233333333333333
2	0.14153846153846153	0.8584615384615385
2	0.9060509554140127	0.09394904458598727
2	0.20447284345047922	0.7955271565495208
2	0.9414414414414415	0.05855855855855856
2	0.06825396825396825	0.9317460317460318
2	0.8615384615384616	0.13846153846153847
2	0.8297872340425532	0.1702127659574468
2	0.048295454545454544	0.9517045454545454
2	0.5193548387096775	0.4806451612903226
2	0.3132716049382716	0.6867283950617284
2	0.5738461538461539	0.42615384615384616
2	0.9311224489795918	0.06887755102040816
2	0.6692307692307692	0.33076923076923076
2	0.23692307692307693	0.7630769230769231
2	0.413961038961039	0.586038961038961
2	0.7251552795031055	0.2748447204968944
2	0.6215384615384615	0.37846153846153846
2	0.6069182389937107	0.39308176100628933
2	0.696923076923077	0.3030769230769231
2	0.9041353383458647	0.09586466165413533
2	0.1456953642384106	0.8543046357615894
2	0.9071661237785016	0.09283387622149837
2	0.8686868686868687	0.13131313131313133
2	0.696923076923077	0.3030769230769231
2	0.07386363636363637	0.9261363636363636
2	0.823076923076923	0.17692307692307693
2	0.9075342465753424	0.09246575342465753
2	0.8949044585987261	0.10509554140127389
2	0.7610062893081762	0.2389937106918239
2	0.4169230769230769	0.583076923076923
2	0.9006622516556292	0.09933774834437085
2	0.8807947019867549	0.11920529801324503
2	0.3018181818181818	0.6981818181818182
2	0.34177215189873417	0.6582278481012658
2	0.9293103448275862	0.0706896551724138
2	0.08644067796610169	0.9135593220338983
2	0.2080745341614907	0.7919254658385093
2	0.15384615384615385	0.8461538461538461
2	0.10725552050473186	0.8927444794952681
2	0.8416149068322981	0.15838509316770186
2	0.9246153846153846	0.07538461538461538
2	0.9529411764705882	0.047058823529411764
2	0.16981132075471697	0.8301886792452831
2	0.28888888888888886	0.7111111111111111
2	0.9272151898734177	0.07278481012658228
2	0.07692307692307693	0.9230769230769231
2	0.5395189003436426	0.46048109965635736
2	0.9431818181818182	0.056818181818181816
2	0.9158415841584159	0.08415841584158416
2	0.07168458781362007	0.9283154121863799
2	0.7577160493827161	0.24228395061728394
3	0.25249169435215946	0.4418604651162791	0.30564784053156147
2	0.2631578947368421	0.7368421052631579
2	0.3317757009345794	0.6682242990654206
2	0.08463949843260188	0.9153605015673981
2	0.48606811145510836	0.5139318885448917
2	0.8265625	0.1734375
2	0.8612903225806452	0.13870967741935483
2	0.054878048780487805	0.9451219512195121
2	0.8153846153846154	0.18461538461538463
2	0.3542319749216301	0.64576802507837
2	0.8173374613003096	0.1826625386996904
2	0.7376543209876543	0.2623456790123457
2	0.23754152823920266	0.7624584717607974
2	0.9422442244224423	0.057755775577557754
2	0.9388489208633094	0.06115107913669065
2	0.5723076923076923	0.4276923076923077
2	0.8680124223602484	0.13198757763975155
2	0.6816479400749064	0.31835205992509363
2	0.9541284403669725	0.045871559633027525
2	0.529320987654321	0.470679012345679
2	0.9742990654205608	0.02570093457943925
2	0.4537037037037037	0.5462962962962963
2	0.054502369668246446	0.9454976303317536
2	0.10679611650485436	0.8932038834951457
2	0.8107692307692308	0.18923076923076923
2	0.6805555555555556	0.3194444444444444
2	0.7779605263157895	0.22203947368421054
2	0.8958990536277602	0.10410094637223975
2	0.3871473354231975	0.6128526645768025
2	0.9232456140350878	0.07675438596491228
2	0.9401544401544402	0.059845559845559844
2	0.8938356164383562	0.10616438356164383
2	0.16203703703703703	0.8379629629629629
2	0.5015432098765432	0.4984567901234568
2	0.6728395061728395	0.3271604938271605
2	0.10668789808917198	0.893312101910828
2	0.8881987577639752	0.11180124223602485
2	0.22291021671826625	0.7770897832817337
2	0.12037037037037036	0.8796296296296297
2	0.3871473354231975	0.6128526645768025
2	0.2523076923076923	0.7476923076923077
2	0.9075235109717869	0.09247648902821316
2	0.3528428093645485	0.6471571906354515
2	0.2661290322580645	0.7338709677419355
2	0.8651877133105802	0.1348122866894198
2	0.8795379537953796	0.12046204620462046
2	0.6953846153846154	0.3046153846153846
2	0.6625874125874126	0.3374125874125874
2	0.5607476635514018	0.4392523364485981
2	0.0027624309392265192	0.9972375690607734
2	0.9323076923076923	0.06769230769230769
2	0.5353846153846153	0.4646153846153846
2	0.7588424437299035	0.24115755627009647
2	0.46923076923076923	0.5307692307692308
2	0.059870550161812294	0.9401294498381877
2	0.045098039215686274	0.9549019607843138
2	0.06307692307692307	0.936923076923077
2	0.48615384615384616	0.5138461538461538
2	0.4117647058823529	0.5882352941176471
2	0.09076923076923077	0.9092307692307692
2	0.92	0.08
2	0.9101694915254237	0.08983050847457627
2	0.7746031746031746	0.2253968253968254
2	0.12546125461254612	0.8745387453874539
2	0.8786231884057971	0.1213768115942029
2	0.47327044025157233	0.5267295597484277
2	0.2098360655737705	0.7901639344262295
2	0.704	0.296
2	0.4517133956386293	0.5482866043613707
2	0.06166666666666667	0.9383333333333334
2	0.10461538461538461	0.8953846153846153
2	0.8523076923076923	0.1476923076923077
2	0.84	0.16
2	0.058823529411764705	0.9411764705882353
2	0.1056782334384858	0.8943217665615142
2	0.19936708860759494	0.8006329113924051
2	0.06656346749226007	0.93343653250774
2	0.7834507042253521	0.21654929577464788
2	0.13486842105263158	0.8651315789473685
2	0.07327586206896551	0.9267241379310345
2	0.42923076923076925	0.5707692307692308
2	0.2169230769230769	0.7830769230769231
2	0.7839506172839507	0.21604938271604937
2	0.08024691358024691	0.9197530864197531
2	0.07846153846153846	0.9215384615384615
1	1.0
2	0.7762345679012346	0.22376543209876543
2	0.052307692307692305	0.9476923076923077
2	0.940677966101695	0.059322033898305086
2	0.7246153846153847	0.2753846153846154
2	0.3187702265372168	0.6812297734627831
2	0.22	0.78
2	0.11488673139158576	0.8851132686084142
2	0.07740585774058577	0.9225941422594143
2	0.4019607843137255	0.5980392156862745
2	0.7169230769230769	0.28307692307692306
2	0.3289036544850498	0.6710963455149501
2	0.9228395061728395	0.07716049382716049
2	0.0876923076923077	0.9123076923076923
2	0.07423580786026202	0.925764192139738
2	0.44769230769230767	0.5523076923076923
2	0.10044642857142858	0.8995535714285714
2	0.950207468879668	0.04979253112033195
2	0.8413978494623656	0.1586021505376344
2	0.9442724458204335	0.05572755417956656
2	0.9340277777777778	0.06597222222222222
2	0.8470031545741324	0.1529968454258675
2	0.027624309392265192	0.9723756906077348
2	0.17391304347826086	0.8260869565217391
2	0.13015873015873017	0.8698412698412699
2	0.13398692810457516	0.8660130718954249
2	0.6847826086956522	0.31521739130434784
2	0.08095238095238096	0.919047619047619
2	0.07263513513513513	0.9273648648648649
2	0.30094043887147337	0.6990595611285266
2	0.9407665505226481	0.059233449477351915
2	0.32857142857142857	0.6714285714285714
2	0.8969465648854962	0.10305343511450382
2	0.8125	0.1875
2	0.5806962025316456	0.41930379746835444
2	0.7433333333333333	0.25666666666666665
2	0.7972136222910217	0.20278637770897834
2	0.9308681672025724	0.06913183279742766
2	0.05241935483870968	0.9475806451612904
2	0.0546875	0.9453125
2	0.4691358024691358	0.5308641975308642
2	0.7046153846153846	0.2953846153846154
2	0.8467741935483871	0.1532258064516129
2	0.9375	0.0625
2	0.7322097378277154	0.26779026217228463
2	0.14153846153846153	0.8584615384615385
2	0.16615384615384615	0.8338461538461538
2	0.02097902097902098	0.9790209790209791
2	0.927570093457944	0.07242990654205607
2	0.13230769230769232	0.8676923076923077
2	0.3153846153846154	0.6846153846153846
3	0.4969230769230769	0.35846153846153844	0.14461538461538462
2	0.05384615384615385	0.9461538461538461
2	0.06307692307692307	0.936923076923077
2	0.14153846153846153	0.8584615384615385
2	0.8553846153846154	0.14461538461538462
2	0.9014598540145985	0.09854014598540146
2	0.4858490566037736	0.5141509433962265
2	0.5415384615384615	0.4584615384615385
2	0.252442996742671	0.747557003257329
2	0.814453125	0.185546875
2	0.21835443037974683	0.7816455696202531
2	0.8432601880877743	0.15673981191222572
2	0.5816326530612245	0.41836734693877553
2	0.21333333333333335	0.7866666666666666
2	0.0532258064516129	0.9467741935483871
2	0.18307692307692308	0.816923076923077
2	0.9454545454545454	0.05454545454545454
2	0.5864197530864198	0.41358024691358025
2	0.11419753086419752	0.8858024691358025
2	0.08513931888544891	0.9148606811145511
2	0.05204460966542751	0.9479553903345725
2	0.04411764705882353	0.9558823529411765
2	0.0660377358490566	0.9339622641509434
2	0.47384615384615386	0.5261538461538462
2	0.3183279742765273	0.6816720257234726
2	0.9228295819935691	0.07717041800643087
2	0.8676975945017182	0.1323024054982818
2	0.08540372670807453	0.9145962732919255
2	0.5063897763578274	0.4936102236421725
2	0.8928571428571429	0.10714285714285714
2	0.32857142857142857	0.6714285714285714
2	0.8399339933993399	0.16006600660066006
2	0.5462962962962963	0.4537037037037037
2	0.5415384615384615	0.4584615384615385
2	0.338006230529595	0.661993769470405
2	0.5532915360501567	0.44670846394984326
2	0.7398753894080997	0.2601246105919003
2	0.40307692307692305	0.5969230769230769
2	0.7661538461538462	0.23384615384615384
2	0.9609375	0.0390625
2	0.9438775510204082	0.05612244897959184
2	0.8	0.2
2	0.5707692307692308	0.42923076923076925
2	0.060126582278481014	0.939873417721519
2	0.4123076923076923	0.5876923076923077
2	0.7422360248447205	0.2577639751552795
2	0.4169278996865204	0.5830721003134797
2	0.5236593059936908	0.47634069400630913
2	0.8235294117647058	0.17647058823529413
2	0.2733333333333333	0.7266666666666667
2	0.9180327868852459	0.08196721311475409
2	0.06292517006802721	0.9370748299319728
2	0.1109375	0.8890625
2	0.6625386996904025	0.33746130030959753
2	0.06829268292682927	0.9317073170731708
2	0.055384615384615386	0.9446153846153846
2	0.052	0.948
2	0.7693548387096775	0.2306451612903226
2	0.2323076923076923	0.7676923076923077
2	0.24537037037037038	0.7546296296296297
2	0.04530201342281879	0.9546979865771812
2	0.7307692307692307	0.2692307692307692
2	0.6815384615384615	0.31846153846153846
2	0.2276923076923077	0.7723076923076924
2	0.4307692307692308	0.5692307692307692
2	0.38076923076923075	0.6192307692307693
2	0.5784615384615385	0.42153846153846153
2	0.053125	0.946875
2	0.203125	0.796875
2	0.1592356687898089	0.8407643312101911
2	0.11056105610561057	0.8894389438943895
2	0.18235294117647058	0.8176470588235294
2	0.4074074074074074	0.5925925925925926
2	0.8811074918566775	0.11889250814332247
2	0.2419871794871795	0.7580128205128205
2	0.05076923076923077	0.9492307692307692
2	0.16049382716049382	0.8395061728395061
2	0.37925696594427244	0.6207430340557275
2	0.6408668730650154	0.3591331269349845
2	0.3283333333333333	0.6716666666666666
2	0.08984375	0.91015625
2	0.04280821917808219	0.9571917808219178
2	0.7861538461538462	0.21384615384615385
2	0.7546296296296297	0.24537037037037038
2	0.07230769230769231	0.9276923076923077
2	0.8003095975232198	0.1996904024767802
2	0.47039473684210525	0.5296052631578947
2	0.40615384615384614	0.5938461538461538
2	0.8881987577639752	0.11180124223602485
2	0.22923076923076924	0.7707692307692308
2	0.42391304347826086	0.5760869565217391
2	0.22	0.78
2	0.7784615384615384	0.22153846153846155
2	0.7909967845659164	0.2090032154340836
2	0.13692307692307693	0.8630769230769231
2	0.16095890410958905	0.839041095890411
2	0.8483754512635379	0.15162454873646208
2	0.9233333333333333	0.07666666666666666
2	0.7365930599369085	0.2634069400630915
2	0.9117647058823529	0.08823529411764706
2	0.46615384615384614	0.5338461538461539
2	0.6356466876971609	0.3643533123028391
2	0.8876923076923077	0.1123076923076923
2	0.5804953560371517	0.4195046439628483
2	0.6389776357827476	0.3610223642172524
2	0.47832817337461303	0.521671826625387
2	0.8719135802469136	0.12808641975308643
2	0.5602605863192183	0.43973941368078173
2	0.3625	0.6375
2	0.12096774193548387	0.8790322580645161
2	0.9394904458598726	0.06050955414012739
2	0.8851351351351351	0.11486486486486487
2	0.33692307692307694	0.6630769230769231
2	0.654639175257732	0.34536082474226804
2	0.45384615384615384	0.5461538461538461
2	0.5974025974025974	0.4025974025974026
2	0.7766990291262136	0.22330097087378642
2	0.9459459459459459	0.05405405405405406
2	0.825	0.175
2	0.3338557993730408	0.6661442006269592
2	0.22633744855967078	0.7736625514403292
2	0.8007380073800738	0.1992619926199262
2	0.11384615384615385	0.8861538461538462
2	0.9046153846153846	0.09538461538461539
2	0.8774193548387097	0.12258064516129032
2	0.9382911392405063	0.061708860759493674
2	0.07098765432098765	0.9290123456790124
2	0.9055555555555556	0.09444444444444444
2	0.17692307692307693	0.823076923076923
2	0.7260061919504643	0.2739938080495356
2	0.8426791277258567	0.1573208722741433
2	0.0825242718446602	0.9174757281553398
2	0.6624605678233438	0.33753943217665616
2	0.3225806451612903	0.6774193548387096
2	0.9371069182389937	0.06289308176100629
2	0.7394366197183099	0.2605633802816901
2	0.16666666666666666	0.8333333333333334
2	0.14536741214057508	0.854632587859425
2	0.5949152542372881	0.40508474576271186
2	0.08333333333333333	0.9166666666666666
2	0.1712962962962963	0.8287037037037037
2	0.8623853211009175	0.13761467889908258
2	0.07097791798107256	0.9290220820189274
2	0.7279874213836478	0.2720125786163522
2	0.9077181208053692	0.09228187919463088
2	0.4672897196261682	0.5327102803738317
2	0.33072100313479624	0.6692789968652038
2	0.8184615384615385	0.18153846153846154
2	0.13384615384615384	0.8661538461538462
2	0.3415384615384615	0.6584615384615384
2	0.9276923076923077	0.07230769230769231
2	0.7261538461538461	0.27384615384615385
2	0.4439252336448598	0.5560747663551402
2	0.6446153846153846	0.3553846153846154
2	0.7857142857142857	0.21428571428571427
2	0.137546468401487	0.862453531598513
2	0.2676923076923077	0.7323076923076923
2	0.7406832298136646	0.2593167701863354
2	0.07920792079207921	0.9207920792079208
2	0.30153846153846153	0.6984615384615385
2	0.18923076923076923	0.8107692307692308
2	0.9558823529411765	0.04411764705882353
2	0.9428044280442804	0.05719557195571956
2	0.77431906614786	0.22568093385214008
2	0.9256965944272446	0.07430340557275542
2	0.3161993769470405	0.6838006230529595
2	0.07210031347962383	0.9278996865203761
2	0.913312693498452	0.08668730650154799
2	0.2723076923076923	0.7276923076923076
2	0.9439655172413793	0.05603448275862069
2	0.8984615384615384	0.10153846153846154
2	0.11609907120743033	0.8839009287925697
2	0.2815384615384615	0.7184615384615385
2	0.5234375	0.4765625
2	0.8737704918032787	0.12622950819672132
2	0.05384615384615385	0.9461538461538461
2	0.05098684210526316	0.9490131578947368
2	0.14	0.86
2	0.09841269841269841	0.9015873015873016
2	0.08179012345679013	0.9182098765432098
2	0.2123076923076923	0.7876923076923077
2	0.09003831417624521	0.9099616858237548
2	0.23788546255506607	0.762114537444934
2	0.0876923076923077	0.9123076923076923
2	0.38461538461538464	0.6153846153846154
2	0.8584615384615385	0.14153846153846153
2	0.9824120603015075	0.017587939698492462
2	0.9009433962264151	0.09905660377358491
2	0.8950617283950617	0.10493827160493827
2	0.052307692307692305	0.9476923076923077
2	0.21019108280254778	0.7898089171974523
2	0.7350993377483444	0.26490066225165565
2	0.9405144694533762	0.0594855305466238
2	0.05864197530864197	0.941358024691358
2	0.10153846153846154	0.8984615384615384
2	0.9120370370370371	0.08796296296296297
2	0.011682242990654205	0.9883177570093458
2	0.19598765432098766	0.8040123456790124
2	0.6615384615384615	0.3384615384615385
2	0.08035714285714286	0.9196428571428571
2	0.6867283950617284	0.3132716049382716
2	0.7736156351791531	0.2263843648208469
2	0.09955752212389381	0.9004424778761062
2	0.16615384615384615	0.8338461538461538
2	0.5323076923076923	0.4676923076923077
2	0.2123076923076923	0.7876923076923077
2	0.10445205479452055	0.8955479452054794
2	0.5401234567901234	0.45987654320987653
2	0.19846153846153847	0.8015384615384615
2	0.6661341853035144	0.33386581469648563
2	0.7290969899665551	0.2709030100334448
2	0.9807692307692307	0.019230769230769232
2	0.7873015873015873	0.2126984126984127
2	0.8793103448275862	0.1206896551724138
2	0.7950310559006211	0.20496894409937888
2	0.9472843450479234	0.052715654952076675
2	0.16987179487179488	0.8301282051282052
2	0.7476635514018691	0.2523364485981308
2	0.058823529411764705	0.9411764705882353
2	0.6104868913857678	0.3895131086142322
2	0.1434108527131783	0.8565891472868217
2	0.09692307692307692	0.9030769230769231
2	0.4517133956386293	0.5482866043613707
2	0.4283276450511945	0.5716723549488054
2	0.6846153846153846	0.3153846153846154
2	0.3181818181818182	0.6818181818181818
2	0.8875	0.1125
2	0.1357615894039735	0.8642384105960265
2	0.9323076923076923	0.06769230769230769
2	0.05639097744360902	0.943609022556391
2	0.12372881355932204	0.8762711864406779
2	0.052884615384615384	0.9471153846153846
3	0.31746031746031744	0.40476190476190477	0.2777777777777778
2	0.4676923076923077	0.5323076923076923
2	0.8557993730407524	0.14420062695924765
2	0.06775700934579439	0.9322429906542056
2	0.11788617886178862	0.8821138211382114
2	0.9037162162162162	0.09628378378378379
2	0.7492307692307693	0.25076923076923074
2	0.9184615384615384	0.08153846153846153
2	0.10835913312693499	0.891640866873065
2	0.19193548387096773	0.8080645161290323
2	0.09384615384615384	0.9061538461538462
2	0.4473684210526316	0.5526315789473685
2	0.803076923076923	0.19692307692307692
2	0.05692307692307692	0.943076923076923
2	0.10615384615384615	0.8938461538461538
2	0.1388888888888889	0.8611111111111112
2	0.09230769230769231	0.9076923076923077
2	0.08306709265175719	0.9169329073482428
2	0.44370860927152317	0.5562913907284768
2	0.40615384615384614	0.5938461538461538
2	0.0641025641025641	0.9358974358974359
2	0.583076923076923	0.4169230769230769
2	0.4252336448598131	0.5747663551401869
2	0.29012345679012347	0.7098765432098766
2	0.05190311418685121	0.9480968858131488
2	0.19692307692307692	0.803076923076923
2	0.05709876543209876	0.9429012345679012
2	0.29245283018867924	0.7075471698113207
2	0.8538961038961039	0.1461038961038961
2	0.9512578616352201	0.04874213836477988
2	0.3953125	0.6046875
2	0.7815384615384615	0.21846153846153846
2	0.8964968152866242	0.1035031847133758
2	0.22993827160493827	0.7700617283950617
2	0.1076923076923077	0.8923076923076924
2	0.9145833333333333	0.08541666666666667
2	0.052364864864864864	0.9476351351351351
2	0.746875	0.253125
2	0.05124223602484472	0.9487577639751553
2	0.7718446601941747	0.22815533980582525
2	0.7556818181818182	0.24431818181818182
2	0.09013605442176871	0.9098639455782312
2	0.9472049689440993	0.052795031055900624
2	0.11016949152542373	0.8898305084745762
2	0.07056451612903226	0.9294354838709677
2	0.4584664536741214	0.5415335463258786
2	0.9484375	0.0515625
2	0.044715447154471545	0.9552845528455285
2	0.7864077669902912	0.21359223300970873
2	0.1276923076923077	0.8723076923076923
2	0.6169354838709677	0.38306451612903225
2	0.6461538461538462	0.35384615384615387
2	0.6661538461538462	0.33384615384615385
2	0.7261538461538461	0.27384615384615385
2	0.11363636363636363	0.8863636363636364
2	0.8766447368421053	0.12335526315789473
2	0.9338461538461539	0.06615384615384616
2	0.18412698412698414	0.8158730158730159
2	0.05952380952380952	0.9404761904761905
2	0.07213114754098361	0.9278688524590164
2	0.8789308176100629	0.12106918238993711
2	0.9177777777777778	0.08222222222222222
2	0.5447530864197531	0.45524691358024694
2	0.9183333333333333	0.08166666666666667
2	0.15384615384615385	0.8461538461538461
2	0.20327868852459016	0.7967213114754098
2	0.16	0.84
2	0.9194078947368421	0.0805921052631579
2	0.8936567164179104	0.10634328358208955
2	0.4914965986394558	0.5085034013605442
2	0.5615384615384615	0.43846153846153846
2	0.14453125	0.85546875
2	0.20307692307692307	0.796923076923077
2	0.10294117647058823	0.8970588235294118
2	0.8246153846153846	0.1753846153846154
2	0.563076923076923	0.4369230769230769
2	0.07301587301587302	0.926984126984127
2	0.4899665551839465	0.5100334448160535
2	0.08153846153846153	0.9184615384615384
2	0.8403908794788274	0.15960912052117263
2	0.04316546762589928	0.9568345323741008
2	0.1476923076923077	0.8523076923076923
2	0.8446153846153847	0.15538461538461537
3	0.40307692307692305	0.46615384615384614	0.13076923076923078
2	0.3160377358490566	0.6839622641509434
2	0.6574074074074074	0.3425925925925926
2	0.09597523219814241	0.9040247678018576
2	0.6203703703703703	0.37962962962962965
2	0.9709090909090909	0.02909090909090909
2	0.34520123839009287	0.6547987616099071
2	0.22364217252396165	0.7763578274760383
2	0.19659442724458204	0.8034055727554179
2	0.3422712933753943	0.6577287066246057
2	0.9365325077399381	0.06346749226006192
2	0.05076923076923077	0.9492307692307692
2	0.5353846153846153	0.4646153846153846
2	0.08647798742138364	0.9135220125786163
2	0.2569230769230769	0.7430769230769231
2	0.10061919504643962	0.8993808049535603
2	0.6084142394822006	0.39158576051779936
2	0.40752351097178685	0.5924764890282131
2	0.353968253968254	0.6460317460317461
2	0.056372549019607844	0.9436274509803921
2	0.07706766917293233	0.9229323308270677
2	0.5169753086419753	0.48302469135802467
2	0.29384615384615387	0.7061538461538461
2	0.8246753246753247	0.17532467532467533
2	0.2427652733118971	0.7572347266881029
2	0.021929824561403508	0.9780701754385965
2	0.3446153846153846	0.6553846153846153
2	0.9029126213592233	0.0970873786407767
2	0.934984520123839	0.06501547987616099
2	0.20123839009287925	0.7987616099071208
2	0.45901639344262296	0.5409836065573771
2	0.8897058823529411	0.11029411764705882
2	0.12225705329153605	0.877742946708464
2	0.9442675159235668	0.05573248407643312
2	0.4798136645962733	0.5201863354037267
2	0.058	0.942
2	0.47692307692307695	0.5230769230769231
2	0.08396946564885496	0.916030534351145
2	0.9092307692307692	0.09076923076923077
2	0.7772585669781932	0.22274143302180685
2	0.4	0.6
2	0.2111111111111111	0.7888888888888889
2	0.6446153846153846	0.3553846153846154
2	0.42153846153846153	0.5784615384615385
2	0.25862068965517243	0.7413793103448276
2	0.44952681388012616	0.5504731861198738
2	0.13707165109034267	0.8629283489096573
2	0.4646153846153846	0.5353846153846153
2	0.3261538461538461	0.6738461538461539
2	0.057003257328990226	0.9429967426710097
2	0.07746478873239436	0.9225352112676056
2	0.8935185185185185	0.10648148148148148
2	0.07120743034055728	0.9287925696594427
2	0.8892307692307693	0.11076923076923077
2	0.21604938271604937	0.7839506172839507
2	0.7662538699690402	0.23374613003095976
2	0.419811320754717	0.5801886792452831
2	0.1743827160493827	0.8256172839506173
2	0.37384615384615383	0.6261538461538462
2	0.7476923076923077	0.2523076923076923
2	0.6923076923076923	0.3076923076923077
2	0.9808612440191388	0.019138755980861243
2	0.6784615384615384	0.32153846153846155
2	0.5727554179566563	0.42724458204334365
2	0.5066225165562914	0.49337748344370863
2	0.5239616613418531	0.476038338658147
2	0.07457627118644068	0.9254237288135593
2	0.9107692307692308	0.08923076923076922
2	0.6476923076923077	0.3523076923076923
2	0.10681114551083591	0.8931888544891641
2	0.9427480916030534	0.05725190839694656
2	0.8579335793357934	0.14206642066420663
2	0.9392523364485982	0.06074766355140187
2	0.6426332288401254	0.3573667711598746
2	0.9377358490566038	0.062264150943396226
2	0.8892307692307693	0.11076923076923077
2	0.8079710144927537	0.19202898550724637
2	0.5483870967741935	0.45161290322580644
2	0.24461538461538462	0.7553846153846154
2	0.12974683544303797	0.870253164556962
2	0.8707692307692307	0.12923076923076923
2	0.06968641114982578	0.9303135888501742
2	0.0071090047393364926	0.9928909952606635
2	0.23692307692307693	0.7630769230769231
2	0.9029126213592233	0.0970873786407767
2	0.07388316151202749	0.9261168384879725
2	0.06896551724137931	0.9310344827586207
2	0.3790849673202614	0.6209150326797386
2	0.9405940594059405	0.0594059405940594
2	0.9409282700421941	0.05907172995780591
2	0.765625	0.234375
2	0.2945859872611465	0.7054140127388535
2	0.8327526132404182	0.1672473867595819
2	0.7934782608695652	0.20652173913043478
2	0.9038461538461539	0.09615384615384616
2	0.3386363636363636	0.6613636363636364
2	0.8753846153846154	0.12461538461538461
2	0.31511254019292606	0.684887459807074
2	0.07453416149068323	0.9254658385093167
2	0.0625	0.9375
2	0.30441640378548895	0.695583596214511
2	0.6205787781350482	0.37942122186495175
2	0.13064516129032258	0.8693548387096774
2	0.4153605015673981	0.5846394984326019
2	0.32769230769230767	0.6723076923076923
2	0.8801261829652997	0.11987381703470032
2	0.52	0.48
2	0.2230769230769231	0.7769230769230769
2	0.3553846153846154	0.6446153846153846
2	0.806930693069307	0.19306930693069307
2	0.190625	0.809375
2	0.35377358490566035	0.6462264150943396
2	0.06521739130434782	0.9347826086956522
2	0.25	0.75
2	0.2571884984025559	0.7428115015974441
2	0.3349673202614379	0.6650326797385621
2	0.24307692307692308	0.7569230769230769
2	0.6879084967320261	0.31209150326797386
2	0.44461538461538463	0.5553846153846154
2	0.06763285024154589	0.9323671497584541
2	0.048986486486486486	0.9510135135135135
2	0.6176470588235294	0.38235294117647056
2	0.1389776357827476	0.8610223642172524
2	0.90527950310559	0.09472049689440994
2	0.9055944055944056	0.0944055944055944
2	0.9245901639344263	0.07540983606557378
2	0.11180124223602485	0.8881987577639752
2	0.056451612903225805	0.9435483870967742
2	0.9411764705882353	0.058823529411764705
2	0.7446153846153846	0.2553846153846154
2	0.765625	0.234375
2	0.058823529411764705	0.9411764705882353
2	0.9265175718849841	0.07348242811501597
2	0.18923076923076923	0.8107692307692308
2	0.06653992395437262	0.9334600760456274
2	0.04664179104477612	0.9533582089552238
2	0.9243827160493827	0.07561728395061729
2	0.1724137931034483	0.8275862068965517
2	0.5231481481481481	0.47685185185185186
2	0.07913669064748201	0.920863309352518
2	0.11384615384615385	0.8861538461538462
2	0.7819314641744548	0.21806853582554517
2	0.24	0.76
2	0.5683229813664596	0.43167701863354035
2	0.5064308681672026	0.49356913183279744
2	0.6538461538461539	0.34615384615384615
2	0.9455445544554455	0.054455445544554455
2	0.8170347003154574	0.1829652996845426
2	0.16615384615384615	0.8338461538461538
2	0.45950155763239875	0.5404984423676013
2	0.9007782101167315	0.09922178988326848
2	0.9395973154362416	0.06040268456375839
2	0.845514950166113	0.15448504983388706
2	0.5476923076923077	0.4523076923076923
2	0.660436137071651	0.3395638629283489
2	0.9452054794520548	0.0547945205479452
2	0.6381987577639752	0.36180124223602483
2	0.13230769230769232	0.8676923076923077
2	0.29012345679012347	0.7098765432098766
2	0.7538461538461538	0.24615384615384617
3	0.5969230769230769	0.15692307692307692	0.24615384615384617
2	0.024074074074074074	0.975925925925926
2	0.9451219512195121	0.054878048780487805
2	0.8870967741935484	0.11290322580645161
2	0.38333333333333336	0.6166666666666667
2	0.058823529411764705	0.9411764705882353
2	0.13522012578616352	0.8647798742138365
2	0.8510971786833855	0.14890282131661442
2	0.059734513274336286	0.9402654867256637
2	0.5707692307692308	0.42923076923076925
2	0.3384615384615385	0.6615384615384615
2	0.8582554517133957	0.14174454828660435
2	0.931095406360424	0.06890459363957598
2	0.5123076923076924	0.4876923076923077
2	0.09538461538461539	0.9046153846153846
2	0.8694915254237288	0.13050847457627118
2	0.5553846153846154	0.44461538461538463
2	0.2870967741935484	0.7129032258064516
2	0.1486013986013986	0.8513986013986014
2	0.9094076655052264	0.09059233449477352
2	0.9579646017699115	0.0420353982300885
2	0.37936507936507935	0.6206349206349207
2	0.6639871382636656	0.3360128617363344
2	0.2700617283950617	0.7299382716049383
2	0.7430340557275542	0.25696594427244585
2	0.632398753894081	0.367601246105919
2	0.31467181467181465	0.6853281853281853
2	0.3622291021671827	0.6377708978328174
2	0.731418918918919	0.2685810810810811
2	0.011574074074074073	0.9884259259259259
2	0.7916666666666666	0.20833333333333334
2	0.961038961038961	0.03896103896103896
2	0.9314516129032258	0.06854838709677419
2	0.9453125	0.0546875
2	0.3507692307692308	0.6492307692307693
2	0.6753846153846154	0.32461538461538464
2	0.1309148264984227	0.8690851735015773
2	0.6753846153846154	0.32461538461538464
2	0.5232142857142857	0.4767857142857143
2	0.44598765432098764	0.5540123456790124
2	0.07580645161290323	0.9241935483870968
2	0.924901185770751	0.07509881422924901
2	0.11764705882352941	0.8823529411764706
2	0.056291390728476824	0.9437086092715232
2	0.9092356687898089	0.09076433121019108
1	1.0
2	0.328125	0.671875
2	0.4938461538461538	0.5061538461538462
2	0.08295964125560538	0.9170403587443946
2	0.6729559748427673	0.3270440251572327
2	0.8990066225165563	0.10099337748344371
2	0.8864406779661017	0.1135593220338983
2	0.3993610223642173	0.6006389776357828
2	0.89419795221843	0.10580204778156997
2	0.3372093023255814	0.6627906976744186
2	0.056910569105691054	0.943089430894309
2	0.8935185185185185	0.10648148148148148
2	0.05660377358490566	0.9433962264150944
2	0.33384615384615385	0.6661538461538462
2	0.8120915032679739	0.18790849673202614
2	0.9290220820189274	0.07097791798107256
2	0.40307692307692305	0.5969230769230769
2	0.4307692307692308	0.5692307692307692
2	0.17391304347826086	0.8260869565217391
2	0.8715753424657534	0.1284246575342466
2	0.5695364238410596	0.4304635761589404
2	0.8184615384615385	0.18153846153846154
2	0.16153846153846155	0.8384615384615385
2	0.9440894568690096	0.05591054313099041
2	0.0761904761904762	0.9238095238095239
2	0.6318327974276527	0.36816720257234725
2	0.16978193146417445	0.8302180685358256
2	0.6646153846153846	0.3353846153846154
2	0.8311688311688312	0.16883116883116883
2	0.7492307692307693	0.25076923076923074
2	0.14307692307692307	0.8569230769230769
2	0.3694968553459119	0.6305031446540881
2	0.13836477987421383	0.8616352201257862
2	0.37384615384615383	0.6261538461538462
2	0.5785256410256411	0.421474358974359
2	0.21853146853146854	0.7814685314685315
2	0.602803738317757	0.397196261682243
2	0.08099688473520249	0.9190031152647975
2	0.9454148471615721	0.05458515283842795
2	0.1523076923076923	0.8476923076923077
2	0.1417910447761194	0.8582089552238806
2	0.37732919254658387	0.6226708074534162
2	0.11093247588424437	0.8890675241157556
2	0.15538461538461537	0.8446153846153847
2	0.8981191222570533	0.10188087774294671
2	0.5923076923076923	0.4076923076923077
2	0.8951310861423221	0.10486891385767791
2	0.0636042402826855	0.9363957597173145
2	0.9639830508474576	0.036016949152542374
2	0.0593607305936073	0.9406392694063926
2	0.9328621908127208	0.06713780918727916
2	0.13973063973063973	0.8602693602693603
2	0.05813953488372093	0.9418604651162791
2	0.808641975308642	0.19135802469135801
2	0.1314935064935065	0.8685064935064936
2	0.512987012987013	0.487012987012987
2	0.16611295681063123	0.8338870431893688
2	0.1238244514106583	0.8761755485893417
2	0.058712121212121215	0.9412878787878788
2	0.9604651162790697	0.03953488372093023
2	0.9414893617021277	0.05851063829787234
2	0.06191950464396285	0.9380804953560371
2	0.943076923076923	0.05692307692307692
2	0.2358490566037736	0.7641509433962265
2	0.1261682242990654	0.8738317757009346
2	0.895017793594306	0.10498220640569395
2	0.045662100456621	0.954337899543379
2	0.09538461538461539	0.9046153846153846
2	0.45987654320987653	0.5401234567901234
2	0.1822429906542056	0.8177570093457944
2	0.19135802469135801	0.808641975308642
2	0.015350877192982455	0.9846491228070176
2	0.1814814814814815	0.8185185185185185
2	0.8811728395061729	0.11882716049382716
2	0.046263345195729534	0.9537366548042705
2	0.4723076923076923	0.5276923076923077
2	0.07094594594594594	0.9290540540540541
2	0.4907692307692308	0.5092307692307693
2	0.7361111111111112	0.2638888888888889
2	0.05454545454545454	0.9454545454545454
2	0.9558359621451105	0.04416403785488959
2	0.1337579617834395	0.8662420382165605
2	0.8762376237623762	0.12376237623762376
2	0.12886597938144329	0.8711340206185567
2	0.06198347107438017	0.9380165289256198
2	0.6794425087108014	0.3205574912891986
2	0.70625	0.29375
2	0.44153846153846155	0.5584615384615385
2	0.06097560975609756	0.9390243902439024
2	0.935064935064935	0.06493506493506493
2	0.5528846153846154	0.44711538461538464
2	0.3915094339622642	0.6084905660377359
2	0.07432432432432433	0.9256756756756757
2	0.2564935064935065	0.7435064935064936
2	0.9063492063492063	0.09365079365079365
2	0.565015479876161	0.43498452012383904
2	0.21384615384615385	0.7861538461538462
2	0.5540983606557377	0.4459016393442623
2	0.09615384615384616	0.9038461538461539
2	0.512779552715655	0.48722044728434505
1	1.0
2	0.37538461538461537	0.6246153846153846
2	0.8070739549839229	0.19292604501607716
2	0.19781931464174454	0.8021806853582555
2	0.6774691358024691	0.32253086419753085
2	0.016233766233766232	0.9837662337662337
2	0.5061728395061729	0.49382716049382713
2	0.2011070110701107	0.7988929889298892
2	0.09692307692307692	0.9030769230769231
2	0.9174454828660437	0.08255451713395638
2	0.9228395061728395	0.07716049382716049
2	0.02981651376146789	0.9701834862385321
2	0.9060150375939849	0.09398496240601503
2	0.19516129032258064	0.8048387096774193
2	0.5835913312693498	0.41640866873065013
2	0.7138461538461538	0.28615384615384615
2	0.023809523809523808	0.9761904761904762
2	0.2993730407523511	0.700626959247649
2	0.13548387096774195	0.864516129032258
2	0.8379629629629629	0.16203703703703703
2	0.7142857142857143	0.2857142857142857
2	0.8615384615384616	0.13846153846153847
2	0.9058641975308642	0.0941358024691358
2	0.08	0.92
2	0.12396694214876033	0.8760330578512396
2	0.3424124513618677	0.6575875486381323
2	0.15666666666666668	0.8433333333333334
2	0.12	0.88
2	0.08208955223880597	0.917910447761194
2	0.9501915708812261	0.04980842911877394
2	0.8799342105263158	0.12006578947368421
2	0.8777089783281734	0.12229102167182662
2	0.15538461538461537	0.8446153846153847
2	0.06935483870967742	0.9306451612903226
2	0.8668831168831169	0.1331168831168831
2	0.39937106918238996	0.60062893081761
2	0.9310344827586207	0.06896551724137931
2	0.2931596091205212	0.7068403908794788
2	0.8927272727272727	0.10727272727272727
2	0.39076923076923076	0.6092307692307692
2	0.735593220338983	0.26440677966101694
2	0.8594771241830066	0.14052287581699346
2	0.06191950464396285	0.9380804953560371
2	0.16512345679012347	0.8348765432098766
2	0.9079365079365079	0.09206349206349207
2	0.34726688102893893	0.6527331189710611
2	0.5092307692307693	0.4907692307692308
2	0.19598765432098766	0.8040123456790124
2	0.6092307692307692	0.39076923076923076
2	0.5215384615384615	0.47846153846153844
2	0.9362068965517242	0.06379310344827586
2	0.8987341772151899	0.10126582278481013
2	0.6656346749226006	0.33436532507739936
2	0.703076923076923	0.2969230769230769
2	0.045	0.955
2	0.34674922600619196	0.653250773993808
2	0.07230769230769231	0.9276923076923077
2	0.8087774294670846	0.19122257053291536
2	0.8426791277258567	0.1573208722741433
2	0.11904761904761904	0.8809523809523809
2	0.8180076628352491	0.18199233716475097
2	0.45076923076923076	0.5492307692307692
2	0.12025316455696203	0.879746835443038
2	0.9293103448275862	0.0706896551724138
2	0.6276923076923077	0.3723076923076923
2	0.11993243243243243	0.8800675675675675
2	0.1842948717948718	0.8157051282051282
2	0.2118380062305296	0.7881619937694704
2	0.21372549019607842	0.7862745098039216
2	0.07987220447284345	0.9201277955271565
2	0.7738461538461539	0.22615384615384615
2	0.2204861111111111	0.7795138888888888
2	0.22923076923076924	0.7707692307692308
2	0.7084690553745928	0.2915309446254072
2	0.1510204081632653	0.8489795918367347
2	0.10771704180064309	0.8922829581993569
2	0.4144736842105263	0.5855263157894737
2	0.6226415094339622	0.37735849056603776
2	0.7676923076923077	0.2323076923076923
2	0.15492957746478872	0.8450704225352113
2	0.15422077922077923	0.8457792207792207
2	0.12289562289562289	0.877104377104377
2	0.9338461538461539	0.06615384615384616
2	0.11708860759493671	0.8829113924050633
2	0.05263157894736842	0.9473684210526315
2	0.25696594427244585	0.7430340557275542
2	0.8421052631578947	0.15789473684210525
2	0.09717314487632508	0.9028268551236749
2	0.13384615384615384	0.8661538461538462
2	0.8769968051118211	0.12300319488817892
2	0.15692307692307692	0.8430769230769231
2	0.816923076923077	0.18307692307692308
2	0.05993690851735016	0.9400630914826499
2	0.7469135802469136	0.25308641975308643
2	0.07846153846153846	0.9215384615384615
2	0.12583892617449666	0.8741610738255033
2	0.6849529780564263	0.31504702194357365
2	0.2246153846153846	0.7753846153846153
2	0.6661392405063291	0.3338607594936709
2	0.8104089219330854	0.1895910780669145
2	0.9565217391304348	0.043478260869565216
2	0.8416149068322981	0.15838509316770186
2	0.09968847352024922	0.9003115264797508
2	0.35664335664335667	0.6433566433566433
2	0.06074766355140187	0.9392523364485982
2	0.13765822784810128	0.8623417721518988
2	0.26523297491039427	0.7347670250896058
2	0.30441640378548895	0.695583596214511
2	0.10371517027863777	0.8962848297213623
2	0.056856187290969896	0.9431438127090301
2	0.09375	0.90625
2	0.03463203463203463	0.9653679653679653
2	0.29069767441860467	0.7093023255813954
2	0.21846153846153846	0.7815384615384615
2	0.23692307692307693	0.7630769230769231
2	0.5076923076923077	0.49230769230769234
2	0.2630769230769231	0.7369230769230769
2	0.6614906832298136	0.3385093167701863
2	0.409375	0.590625
2	0.05555555555555555	0.9444444444444444
2	0.18181818181818182	0.8181818181818182
2	0.5555555555555556	0.4444444444444444
2	0.9340277777777778	0.06597222222222222
2	0.9057507987220448	0.09424920127795527
2	0.5384615384615384	0.46153846153846156
2	0.2191358024691358	0.7808641975308642
2	0.6909937888198758	0.3090062111801242
2	0.653250773993808	0.34674922600619196
2	0.9281767955801105	0.0718232044198895
2	0.7107692307692308	0.28923076923076924
2	0.84	0.16
2	0.07884615384615384	0.9211538461538461
2	0.9222972972972973	0.0777027027027027
2	0.8214285714285714	0.17857142857142858
2	0.15015479876160992	0.8498452012383901
2	0.1476923076923077	0.8523076923076923
2	0.8753846153846154	0.12461538461538461
2	0.3261538461538461	0.6738461538461539
2	0.8636363636363636	0.13636363636363635
2	0.1527777777777778	0.8472222222222222
2	0.153125	0.846875
2	0.2962962962962963	0.7037037037037037
2	0.06622516556291391	0.9337748344370861
2	0.12371134020618557	0.8762886597938144
2	0.08983050847457627	0.9101694915254237
3	0.22	0.3769230769230769	0.40307692307692305
2	0.09206349206349207	0.9079365079365079
2	0.6184615384615385	0.38153846153846155
2	0.2777777777777778	0.7222222222222222
2	0.09252669039145907	0.9074733096085409
2	0.0815450643776824	0.9184549356223176
2	0.9243827160493827	0.07561728395061729
2	0.8969230769230769	0.10307692307692308
2	0.521671826625387	0.47832817337461303
2	0.06506849315068493	0.934931506849315
2	0.7551020408163265	0.24489795918367346
2	0.0136986301369863	0.9863013698630136
2	0.06190476190476191	0.9380952380952381
2	0.2406832298136646	0.7593167701863354
2	0.5557275541795665	0.44427244582043346
2	0.32153846153846155	0.6784615384615384
2	0.07281553398058252	0.9271844660194175
2	0.14307692307692307	0.8569230769230769
2	0.1021671826625387	0.8978328173374613
2	0.11993243243243243	0.8800675675675675
2	0.90625	0.09375
2	0.06756756756756757	0.9324324324324325
2	0.9175084175084175	0.08249158249158249
2	0.6076923076923076	0.3923076923076923
2	0.007853403141361256	0.9921465968586387
2	0.8463949843260188	0.1536050156739812
2	0.46923076923076923	0.5307692307692308
2	0.16557377049180327	0.8344262295081967
2	0.048561151079136694	0.9514388489208633
2	0.8428571428571429	0.15714285714285714
2	0.42	0.58
2	0.9433656957928802	0.05663430420711974
2	0.8138461538461539	0.18615384615384614
2	0.5507692307692308	0.4492307692307692
2	0.9395161290322581	0.06048387096774194
2	0.08307692307692308	0.916923076923077
2	0.7978395061728395	0.2021604938271605
2	0.5246913580246914	0.47530864197530864
2	0.9533582089552238	0.04664179104477612
2	0.3101851851851852	0.6898148148148148
2	0.08923076923076922	0.9107692307692308
2	0.05501618122977346	0.9449838187702265
2	0.10191082802547771	0.8980891719745223
2	0.08685446009389672	0.9131455399061033
2	0.46307692307692305	0.536923076923077
2	0.8905723905723906	0.10942760942760943
2	0.05333333333333334	0.9466666666666667
2	0.7919254658385093	0.2080745341614907
2	0.11971830985915492	0.8802816901408451
2	0.6630769230769231	0.33692307692307694
2	0.36645962732919257	0.6335403726708074
2	0.12153846153846154	0.8784615384615385
2	0.7061538461538461	0.29384615384615387
2	0.9470338983050848	0.05296610169491525
2	0.3271604938271605	0.6728395061728395
2	0.09627329192546584	0.9037267080745341
2	0.6523076923076923	0.3476923076923077
2	0.9365325077399381	0.06346749226006192
2	0.47564935064935066	0.5243506493506493
2	0.45076923076923076	0.5492307692307692
2	0.5953846153846154	0.4046153846153846
2	0.15875912408759124	0.8412408759124088
2	0.7716049382716049	0.22839506172839505
2	0.9501779359430605	0.0498220640569395
2	0.9261538461538461	0.07384615384615385
2	0.7422360248447205	0.2577639751552795
2	0.6230283911671924	0.37697160883280756
2	0.30250783699059564	0.6974921630094044
2	0.04585152838427948	0.9541484716157205
2	0.27741935483870966	0.7225806451612903
2	0.6815384615384615	0.31846153846153846
2	0.103125	0.896875
2	0.8489096573208723	0.15109034267912771
2	0.06386861313868614	0.9361313868613139
2	0.09932659932659933	0.9006734006734006
2	0.42923076923076925	0.5707692307692308
2	0.061224489795918366	0.9387755102040817
2	0.82	0.18
2	0.8523076923076923	0.1476923076923077
2	0.676923076923077	0.3230769230769231
2	0.0625	0.9375
2	0.6602564102564102	0.33974358974358976
2	0.869098712446352	0.13090128755364808
2	0.13230769230769232	0.8676923076923077
1	1.0
2	0.13692307692307693	0.8630769230769231
2	0.823076923076923	0.17692307692307693
2	0.1723076923076923	0.8276923076923077
2	0.23846153846153847	0.7615384615384615
2	0.8323076923076923	0.1676923076923077
2	0.11904761904761904	0.8809523809523809
2	0.6173469387755102	0.3826530612244898
2	0.0915032679738562	0.9084967320261438
2	0.5495049504950495	0.4504950495049505
2	0.902555910543131	0.09744408945686901
2	0.10124610591900311	0.8987538940809969
2	0.2	0.8
2	0.048986486486486486	0.9510135135135135
2	0.052307692307692305	0.9476923076923077
2	0.13138686131386862	0.8686131386861314
2	0.1645367412140575	0.8354632587859425
2	0.46	0.54
2	0.7757352941176471	0.22426470588235295
2	0.7373737373737373	0.26262626262626265
2	0.8623693379790941	0.13763066202090593
2	0.10034013605442177	0.8996598639455783
2	0.11969111969111969	0.8803088803088803
2	0.05642023346303502	0.943579766536965
2	0.4506172839506173	0.5493827160493827
2	0.5061538461538462	0.4938461538461538
2	0.06774193548387097	0.932258064516129
2	0.10227272727272728	0.8977272727272727
2	0.42923076923076925	0.5707692307692308
2	0.15384615384615385	0.8461538461538461
2	0.07894736842105263	0.9210526315789473
2	0.8768115942028986	0.12318840579710146
2	0.21357615894039736	0.7864238410596026
2	0.9474789915966386	0.052521008403361345
2	0.9428571428571428	0.05714285714285714
2	0.6055900621118012	0.3944099378881988
2	0.74	0.26
2	0.05108359133126935	0.9489164086687306
2	0.08103448275862069	0.9189655172413793
2	0.88	0.12
2	0.8322259136212624	0.16777408637873753
2	0.3667711598746082	0.6332288401253918
2	0.904320987654321	0.09567901234567901
2	0.7003105590062112	0.2996894409937888
2	0.08441558441558442	0.9155844155844156
2	0.5246153846153846	0.4753846153846154
2	0.4430769230769231	0.556923076923077
2	0.8892307692307693	0.11076923076923077
2	0.4461538461538462	0.5538461538461539
2	0.9487577639751553	0.05124223602484472
2	0.9462540716612378	0.05374592833876222
2	0.058695652173913045	0.941304347826087
2	0.9153846153846154	0.08461538461538462
2	0.944015444015444	0.055984555984555984
2	0.06944444444444445	0.9305555555555556
2	0.6507692307692308	0.34923076923076923
2	0.2523076923076923	0.7476923076923077
2	0.34615384615384615	0.6538461538461539
2	0.822884012539185	0.17711598746081506
2	0.055133079847908745	0.9448669201520913
2	0.5661538461538461	0.4338461538461538
2	0.07333333333333333	0.9266666666666666
2	0.8128930817610063	0.1871069182389937
2	0.326625386996904	0.673374613003096
2	0.319047619047619	0.680952380952381
2	0.8846153846153846	0.11538461538461539
2	0.6730158730158731	0.326984126984127
2	0.25	0.75
2	0.13384615384615384	0.8661538461538462
2	0.3774193548387097	0.6225806451612903
2	0.08727272727272728	0.9127272727272727
2	0.05849056603773585	0.9415094339622642
2	0.823076923076923	0.17692307692307693
2	0.6650641025641025	0.3349358974358974
2	0.7769230769230769	0.2230769230769231
2	0.6492307692307693	0.3507692307692308
2	0.7230769230769231	0.27692307692307694
2	0.9281150159744409	0.07188498402555911
2	0.9492307692307692	0.05076923076923077
2	0.09076923076923077	0.9092307692307692
2	0.7984615384615384	0.20153846153846153
2	0.8923076923076924	0.1076923076923077
2	0.27469135802469136	0.7253086419753086
2	0.31076923076923074	0.6892307692307692
2	0.887459807073955	0.11254019292604502
2	0.159375	0.840625
2	0.9323076923076923	0.06769230769230769
2	0.4584615384615385	0.5415384615384615
2	0.24769230769230768	0.7523076923076923
2	0.5241935483870968	0.47580645161290325
2	0.8848684210526315	0.11513157894736842
2	0.16719745222929935	0.8328025477707006
2	0.09375	0.90625
2	0.8446153846153847	0.15538461538461537
2	0.1345514950166113	0.8654485049833887
2	0.066006600660066	0.933993399339934
2	0.11245674740484429	0.8875432525951558
2	0.18055555555555555	0.8194444444444444
2	0.13364779874213836	0.8663522012578616
2	0.12580645161290321	0.8741935483870967
2	0.7615384615384615	0.23846153846153847
2	0.26461538461538464	0.7353846153846154
2	0.6209677419354839	0.3790322580645161
2	0.7769230769230769	0.2230769230769231
2	0.12153846153846154	0.8784615384615385
2	0.1720257234726688	0.8279742765273312
2	0.9377880184331797	0.06221198156682028
2	0.9338461538461539	0.06615384615384616
2	0.9102167182662538	0.08978328173374613
2	0.2515527950310559	0.7484472049689441
2	0.2421875	0.7578125
2	0.4753846153846154	0.5246153846153846
2	0.19516129032258064	0.8048387096774193
2	0.2839285714285714	0.7160714285714286
2	0.4423676012461059	0.557632398753894
2	0.11702127659574468	0.8829787234042553
2	0.7467532467532467	0.2532467532467532
2	0.06607142857142857	0.9339285714285714
2	0.3072100313479624	0.6927899686520376
2	0.08193979933110368	0.9180602006688964
2	0.7964743589743589	0.20352564102564102
2	0.4037854889589905	0.5962145110410094
2	0.546583850931677	0.453416149068323
1	1.0
2	0.18627450980392157	0.8137254901960784
2	0.11265432098765432	0.8873456790123457
2	0.9403508771929825	0.05964912280701754
2	0.25386996904024767	0.7461300309597523
2	0.42990654205607476	0.5700934579439252
2	0.8844884488448845	0.11551155115511551
2	0.7571884984025559	0.24281150159744408
2	0.48148148148148145	0.5185185185185185
2	0.4532710280373832	0.5467289719626168
2	0.24681528662420382	0.7531847133757962
2	0.8557993730407524	0.14420062695924765
2	0.873015873015873	0.12698412698412698
2	0.08461538461538462	0.9153846153846154
2	0.5104529616724739	0.4895470383275261
2	0.14	0.86
2	0.07936507936507936	0.9206349206349206
2	0.05737704918032787	0.9426229508196722
2	0.6867283950617284	0.3132716049382716
2	0.5623052959501558	0.43769470404984423
2	0.16943521594684385	0.8305647840531561
2	0.11847389558232932	0.8815261044176707
2	0.5676923076923077	0.4323076923076923
2	0.18055555555555555	0.8194444444444444
2	0.34375	0.65625
2	0.3046153846153846	0.6953846153846154
2	0.3003194888178914	0.6996805111821086
2	0.9847715736040609	0.015228426395939087
2	0.8921568627450981	0.10784313725490197
2	0.9261538461538461	0.07384615384615385
2	0.12074303405572756	0.8792569659442725
2	0.8525423728813559	0.14745762711864407
2	0.897196261682243	0.102803738317757
2	0.5141509433962265	0.4858490566037736
2	0.26	0.74
2	0.30124223602484473	0.6987577639751553
2	0.058823529411764705	0.9411764705882353
2	0.05921052631578947	0.9407894736842105
2	0.7468944099378882	0.2531055900621118
2	0.028481012658227847	0.9715189873417721
2	0.15348101265822786	0.8465189873417721
2	0.21452702702702703	0.785472972972973
2	0.37850467289719625	0.6214953271028038
2	0.20153846153846153	0.7984615384615384
2	0.4153846153846154	0.5846153846153846
2	0.17834394904458598	0.821656050955414
2	0.9293478260869565	0.07065217391304347
2	0.20727848101265822	0.7927215189873418
2	0.48307692307692307	0.5169230769230769
2	0.6693037974683544	0.33069620253164556
2	0.05384615384615385	0.9461538461538461
3	0.12229102167182662	0.09752321981424149	0.7801857585139319
2	0.0851063829787234	0.9148936170212766
2	0.9276018099547512	0.07239819004524888
2	0.06493506493506493	0.935064935064935
2	0.9975845410628019	0.0024154589371980675
2	0.904320987654321	0.09567901234567901
2	0.8938461538461538	0.10615384615384615
2	0.055970149253731345	0.9440298507462687
2	0.2846153846153846	0.7153846153846154
2	0.09627329192546584	0.9037267080745341
2	0.8984375	0.1015625
2	0.8582554517133957	0.14174454828660435
2	0.8888888888888888	0.1111111111111111
2	0.7396825396825397	0.26031746031746034
2	0.9463667820069204	0.05363321799307959
2	0.42153846153846153	0.5784615384615385
2	0.6934984520123839	0.3065015479876161
2	0.06666666666666667	0.9333333333333333
2	0.8065015479876161	0.19349845201238391
2	0.06949152542372881	0.9305084745762712
2	0.8768115942028986	0.12318840579710146
2	0.09306569343065693	0.906934306569343
2	0.05401234567901234	0.9459876543209876
2	0.8569230769230769	0.14307692307692307
2	0.7603833865814696	0.23961661341853036
2	0.09846153846153846	0.9015384615384615
2	0.24461538461538462	0.7553846153846154
2	0.1523809523809524	0.8476190476190476
2	0.045	0.955
2	0.06521739130434782	0.9347826086956522
2	0.2692307692307692	0.7307692307692307
2	0.050335570469798654	0.9496644295302014
2	0.2353846153846154	0.7646153846153846
2	0.12578616352201258	0.8742138364779874
2	0.9434306569343066	0.05656934306569343
2	0.13707165109034267	0.8629283489096573
2	0.8774834437086093	0.12251655629139073
2	0.15517241379310345	0.8448275862068966
2	0.11469534050179211	0.8853046594982079
2	0.05165289256198347	0.9483471074380165
2	0.8446153846153847	0.15538461538461537
1	1.0
2	0.8099041533546326	0.1900958466453674
2	0.823076923076923	0.17692307692307693
2	0.11538461538461539	0.8846153846153846
2	0.943076923076923	0.05692307692307692
2	0.8722397476340694	0.1277602523659306
2	0.05387931034482758	0.9461206896551724
2	0.9437229437229437	0.05627705627705628
2	0.6846153846153846	0.3153846153846154
2	0.9446153846153846	0.055384615384615386
2	0.9602803738317757	0.0397196261682243
2	0.67	0.33
2	0.18081761006289307	0.8191823899371069
2	0.4179566563467492	0.5820433436532507
2	0.56	0.44
2	0.8981481481481481	0.10185185185185185
2	0.1021671826625387	0.8978328173374613
2	0.9547413793103449	0.04525862068965517
2	0.011111111111111112	0.9888888888888889
2	0.6676923076923077	0.3323076923076923
2	0.5923076923076923	0.4076923076923077
2	0.1781045751633987	0.8218954248366013
2	0.9924812030075187	0.007518796992481203
2	0.8307086614173228	0.16929133858267717
2	0.06583629893238434	0.9341637010676157
2	0.05204460966542751	0.9479553903345725
2	0.12145110410094637	0.8785488958990536
2	0.34316770186335405	0.656832298136646
2	0.04741379310344827	0.9525862068965517
2	0.4015384615384615	0.5984615384615385
2	0.7352941176470589	0.2647058823529412
2	0.4046153846153846	0.5953846153846154
2	0.11627906976744186	0.8837209302325582
2	0.056074766355140186	0.9439252336448598
2	0.17956656346749225	0.8204334365325078
2	0.5430769230769231	0.45692307692307693
2	0.279296875	0.720703125
2	0.6209677419354839	0.3790322580645161
2	0.044753086419753084	0.9552469135802469
2	0.9491803278688524	0.05081967213114754
2	0.14873417721518986	0.8512658227848101
2	0.061488673139158574	0.9385113268608414
2	0.09344262295081968	0.9065573770491804
2	0.07094594594594594	0.9290540540540541
2	0.55	0.45
2	0.5324074074074074	0.4675925925925926
2	0.8323076923076923	0.1676923076923077
2	0.9030769230769231	0.09692307692307692
2	0.8710691823899371	0.1289308176100629
2	0.1875	0.8125
2	0.8016949152542373	0.19830508474576272
2	0.9290123456790124	0.07098765432098765
2	0.8863636363636364	0.11363636363636363
2	0.05745341614906832	0.9425465838509317
2	0.7068965517241379	0.29310344827586204
2	0.8409090909090909	0.1590909090909091
2	0.32	0.68
2	0.20153846153846153	0.7984615384615384
2	0.14950166112956811	0.8504983388704319
2	0.6898148148148148	0.3101851851851852
2	0.08732876712328767	0.9126712328767124
2	0.009363295880149813	0.9906367041198502
2	0.14461538461538462	0.8553846153846154
2	0.07211538461538461	0.9278846153846154
2	0.8953846153846153	0.10461538461538461
2	0.3235294117647059	0.6764705882352942
2	0.6990740740740741	0.30092592592592593
2	0.7923076923076923	0.2076923076923077
2	0.1546875	0.8453125
2	0.5063492063492063	0.4936507936507937
2	0.8123076923076923	0.18769230769230769
2	0.7910216718266254	0.2089783281733746
2	0.09657320872274143	0.9034267912772586
2	0.32407407407407407	0.6759259259259259
2	0.26615384615384613	0.7338461538461538
2	0.22291021671826625	0.7770897832817337
2	0.6723076923076923	0.32769230769230767
2	0.8119122257053292	0.18808777429467086
2	0.08018867924528301	0.9198113207547169
2	0.9816176470588235	0.01838235294117647
2	0.06340579710144928	0.9365942028985508
2	0.6296875	0.3703125
2	0.37422360248447206	0.6257763975155279
2	0.9407582938388626	0.05924170616113744
2	0.03546099290780142	0.9645390070921985
2	0.08143322475570032	0.9185667752442996
2	0.09692307692307692	0.9030769230769231
2	0.9242424242424242	0.07575757575757576
2	0.3501683501683502	0.6498316498316499
2	0.0633116883116883	0.9366883116883117
2	0.8	0.2
2	0.9675925925925926	0.032407407407407406
2	0.8436532507739938	0.1563467492260062
2	0.09230769230769231	0.9076923076923077
2	0.7830769230769231	0.2169230769230769
2	0.7307692307692307	0.2692307692307692
2	0.2246153846153846	0.7753846153846153
2	0.12538699690402477	0.8746130030959752
2	0.6246153846153846	0.37538461538461537
2	0.050488599348534204	0.9495114006514658
2	0.24691358024691357	0.7530864197530864
2	0.7846153846153846	0.2153846153846154
2	0.445141065830721	0.554858934169279
2	0.8700787401574803	0.12992125984251968
2	0.09006211180124224	0.9099378881987578
2	0.9453125	0.0546875
2	0.7615384615384615	0.23846153846153847
2	0.8408360128617364	0.15916398713826366
2	0.10260586319218241	0.8973941368078175
2	0.9459016393442623	0.054098360655737705
2	0.9317343173431735	0.06826568265682657
2	0.36923076923076925	0.6307692307692307
2	0.944078947368421	0.05592105263157895
2	0.052980132450331126	0.9470198675496688
2	0.8753894080996885	0.12461059190031153
2	0.7889273356401384	0.21107266435986158
2	0.9107692307692308	0.08923076923076922
2	0.8476923076923077	0.1523076923076923
2	0.06055900621118013	0.9394409937888198
2	0.8487654320987654	0.15123456790123457
2	0.05789473684210526	0.9421052631578948
2	0.056818181818181816	0.9431818181818182
2	0.9528688524590164	0.0471311475409836
2	0.030303030303030304	0.9696969696969697
2	0.31369426751592355	0.6863057324840764
2	0.06191950464396285	0.9380804953560371
2	0.1277258566978193	0.8722741433021807
2	0.37306501547987614	0.6269349845201239
2	0.1123076923076923	0.8876923076923077
2	0.07278481012658228	0.9272151898734177
2	0.9015873015873016	0.09841269841269841
2	0.5186915887850467	0.48130841121495327
2	0.934931506849315	0.06506849315068493
2	0.4398148148148148	0.5601851851851852
2	0.2028301886792453	0.7971698113207547
2	0.7261538461538461	0.27384615384615385
2	0.8138461538461539	0.18615384615384614
2	0.119281045751634	0.880718954248366
2	0.914179104477612	0.08582089552238806
2	0.028017241379310345	0.9719827586206896
2	0.2854938271604938	0.7145061728395061
2	0.07608695652173914	0.9239130434782609
2	0.5215384615384615	0.47846153846153844
2	0.9101307189542484	0.08986928104575163
2	0.9221453287197232	0.07785467128027682
2	0.07380073800738007	0.9261992619926199
2	0.5378548895899053	0.46214511041009465
2	0.6070287539936102	0.3929712460063898
2	0.9587912087912088	0.04120879120879121
2	0.1445993031358885	0.8554006968641115
2	0.009900990099009901	0.9900990099009901
2	0.35846153846153844	0.6415384615384615
2	0.4	0.6
2	0.26755852842809363	0.7324414715719063
2	0.2765625	0.7234375
2	0.17891373801916932	0.8210862619808307
2	0.9246153846153846	0.07538461538461538
2	0.11488673139158576	0.8851132686084142
2	0.5384615384615384	0.46153846153846156
2	0.9625	0.0375
2	0.41846153846153844	0.5815384615384616
2	0.8938461538461538	0.10615384615384615
2	0.9211409395973155	0.07885906040268456
2	0.16494845360824742	0.8350515463917526
2	0.2096273291925466	0.7903726708074534
2	0.7516025641025641	0.2483974358974359
2	0.12307692307692308	0.8769230769230769
2	0.1095679012345679	0.8904320987654321
2	0.8553846153846154	0.14461538461538462
2	0.8123076923076923	0.18769230769230769
2	0.06739811912225706	0.932601880877743
2	0.24013157894736842	0.7598684210526315
2	0.9073482428115016	0.0926517571884984
2	0.7338983050847457	0.26610169491525426
2	0.09265734265734266	0.9073426573426573
2	0.34615384615384615	0.6538461538461539
2	0.19152542372881357	0.8084745762711865
2	0.1130030959752322	0.8869969040247678
2	0.8240740740740741	0.17592592592592593
2	0.18322981366459629	0.8167701863354038
2	0.07106598984771574	0.9289340101522843
2	0.25384615384615383	0.7461538461538462
2	0.30153846153846153	0.6984615384615385
2	0.04883720930232558	0.9511627906976744
2	0.18238993710691823	0.8176100628930818
2	0.5861538461538461	0.41384615384615386
2	0.22082018927444794	0.7791798107255521
2	0.06751824817518248	0.9324817518248175
2	0.9271523178807947	0.0728476821192053
2	0.919093851132686	0.08090614886731391
2	0.08582089552238806	0.914179104477612
2	0.09384615384615384	0.9061538461538462
2	0.8886792452830189	0.11132075471698114
2	0.8923076923076924	0.1076923076923077
2	0.9485530546623794	0.05144694533762058
3	0.3797250859106529	0.211340206185567	0.40893470790378006
2	0.0765625	0.9234375
2	0.7070175438596491	0.2929824561403509
2	0.03587443946188341	0.9641255605381166
2	0.9514925373134329	0.048507462686567165
2	0.19384615384615383	0.8061538461538461
2	0.685126582278481	0.314873417721519
2	0.9540983606557377	0.04590163934426229
2	0.9297520661157025	0.07024793388429752
2	0.41846153846153844	0.5815384615384616
2	0.28144654088050314	0.7185534591194969
2	0.125	0.875
2	0.06153846153846154	0.9384615384615385
2	0.9396551724137931	0.0603448275862069
2	0.96045197740113	0.03954802259887006
2	0.9254966887417219	0.07450331125827815
2	0.053125	0.946875
2	0.20952380952380953	0.7904761904761904
2	0.8015384615384615	0.19846153846153847
2	0.38461538461538464	0.6153846153846154
2	0.82	0.18
2	0.6558641975308642	0.3441358024691358
2	0.7915360501567398	0.2084639498432602
2	0.05411255411255411	0.9458874458874459
2	0.02694610778443114	0.9730538922155688
2	0.07561728395061729	0.9243827160493827
2	0.8892307692307693	0.11076923076923077
2	0.9140625	0.0859375
2	0.08185053380782918	0.9181494661921709
2	0.6485623003194888	0.3514376996805112
2	0.8523076923076923	0.1476923076923077
2	0.11538461538461539	0.8846153846153846
2	0.37662337662337664	0.6233766233766234
2	0.07194244604316546	0.9280575539568345
2	0.9465648854961832	0.05343511450381679
2	0.6492307692307693	0.3507692307692308
2	0.9409937888198758	0.059006211180124224
